打开虚拟串口，新建虚拟串口
打开串口助手，看上位机发送的字符串是否正确
	用串口助手发送： 
	09 1f 00 00 01 00 00 01 00 00 01 00 00 01 00 00 00 00 00 00 00 00 00 00 00 00 00 00 00 10 6F 10
	上位机的X,Y,Z,PZT的位置会发生变化(增加0.001)

	10 11 00 00 00 00 00 00 00 00 00 00 00 00 00 00 00 00 00 00 00 00 00 00 00 00 00 00 00 56 7F 10
	错误标志
	10 00 00 00 00 00 00 00 00 00 00 00 00 00 00 00 00 00 00 00 00 00 00 00 00 00 00 00 00 14 E9 10
	正确标志

	09 1f 00 00 01 00 00 00 00 00 00 00 00 00 00 00 00 00 00 00 00 00 00 00 00 00 00 00 00 0B 8C 10
	运动设定数据，X位置增加0.001

服务器启动：（未完成）
python3.5 main.py --port=8800